3.
1415926535897932384626433832795028841971693993751058209749445923078164062862089986280348253421
1706798214808651328230664709384460955058223172535940812848111745028410270193852110555964462294
8954930381964428810975665933446128475648233786783165271201909145648566923460348610454326648213
3936072602491412737245870066063155881748815209209628292540917153643678925903600113305305488204
6652138414695194151160943305727036575959195309218611738193261179310511854807446237996274956735
1885752724891227938183011949129833673362440656643086021394946395224737190702179860943702770539
2171762931767523846748184676694051320005681271452635608277857713427577896091736371787214684409
0122495343014654958537105079227968925892354201995611212902196086403441815981362977477130996051
8707211349999998372978049951059731732816096318595024459455346908302642522308253344685035261931
1881710100031378387528865875332083814206171776691473035982534904287554687311595628638823537875
9375195778185778053217122680661300192787661119590921642019893809525720106548586327886593615338
1827968230301952035301852968995773622599413891249721775283479131515574857242454150695950829533
1168617278558890750983817546374649393192550604009277016711390098488240128583616035637076601047
1018194295559619894676783744944825537977472684710404753464620804668425906949129331367702898915
2104752162056966024058038150193511253382430035587640247496473263914199272604269922796782354781
6360093417216412199245863150302861829745557067498385054945885869269956909272107975093029553211
6534498720275596023648066549911988183479775356636980742654252786255181841757467289097777279380
0081647060016145249192173217214772350141441973568548161361157352552133475741849468438523323907
3941433345477624168625189835694855620992192221842725502542568876717904946016534668049886272327
9178608578438382796797668145410095388378636095068006422512520511739298489608412848862694560424
1965285022210661186306744278622039194945047123713786960956364371917287467764657573962413890865
8326459958133904780275900994657640789512694683983525957098258226205224894077267194782684826014
7699090264013639443745530506820349625245174939965143142980919065925093722169646151570985838741
0597885959772975498930161753928468138268683868942774155991855925245953959431049972524680845987
2736446958486538367362226260991246080512438843904512441365497627807977156914359977001296160894
4169486855584840635342207222582848864815845602850601684273945226746767889525213852254995466672
7823986456596116354886230577456498035593634568174324112515076069479451096596094025228879710893
1456691368672287489405601015033086179286809208747609178249385890097149096759852613655497818931
2978482168299894872265880485756401427047755513237964145152374623436454285844479526586782105114
1354735739523113427166102135969536231442952484937187110145765403590279934403742007310578539062
198387447808478489683321445713868751943506430218453191

